3->10;6->2;9->1;

1
12 9 3 12 6 6 9 3 12 9 12 9 12 12 6 6
Logic Box : 11 12 6 15 11 14 4 18 15 5
1 1 0 1 1 1 0 1 1 0
0 0 3 2 0 2 2 4 2 2
1 2 0 1 1 0 0 0 1 1
2 3 3 4 2 3 2 5 4 3

Swithch the Button : 0
3 12 6 12 6 6 9 3 12 9 12 9 12 12 6 6
Logic Box : 12 12 6 25 11 16 4 18 6 5
1 1 0 2 1 1 0 1 0 0
1 0 3 2 0 3 2 4 3 2
0 2 0 1 1 0 0 0 0 1
2 3 3 5 2 4 2 5 3 3

Swithch the Button : 1
3 12 6 3 6 6 9 6 12 12 12 12 12 12 6 6
Logic Box : 12 12 6 17 3 16 14 10 16 14
1 1 0 1 0 1 1 0 1 1
1 1 3 3 1 3 2 5 3 2
0 0 0 1 1 0 0 0 0 0
2 2 3 5 2 4 3 5 4 3

Swithch the Button : 5
6 12 9 3 6 6 9 6 12 12 12 12 12 12 9 9
Logic Box : 3 12 4 9 3 5 12 8 15 14
0 1 0 0 0 0 1 0 1 1
1 1 1 4 1 1 0 3 2 2
1 0 2 1 1 3 2 2 1 0
2 2 3 5 2 4 3 5 4 3

Swithch the Button : 6
6 12 9 6 6 6 9 6 12 12 12 12 12 12 12 12
Logic Box : 3 4 2 9 3 3 2 6 7 6
0 0 0 0 0 0 0 0 0 0
1 2 1 4 1 1 1 3 3 3
1 0 0 1 1 1 0 0 1 0
2 2 1 5 2 2 1 3 4 3

Swithch the Button : 5
9 12 12 6 6 6 9 6 12 12 12 12 12 12 3 3
Logic Box : 1 4 22 8 3 21 22 26 6 6
0 0 2 0 0 2 2 2 0 0
0 2 1 3 1 0 1 3 3 3
1 0 0 2 1 1 0 0 0 0
1 2 3 5 2 3 3 5 3 3

Swithch the Button : 6
9 12 12 9 6 6 9 6 12 12 12 12 12 12 6 6
Logic Box : 1 3 6 8 3 5 5 10 5 5
0 0 0 0 0 0 0 0 0 0
0 1 3 3 1 2 2 5 2 2
1 1 0 2 1 1 1 0 1 1
1 2 3 5 2 3 3 5 3 3

Swithch the Button : 6
9 12 12 12 6 6 9 6 12 12 12 12 12 12 9 9
Logic Box : 1 2 4 8 3 3 2 8 4 4
0 0 0 0 0 0 0 0 0 0
0 1 1 3 1 0 0 3 2 2
1 0 2 2 1 3 2 2 0 0
1 1 3 5 2 3 2 5 2 2

Swithch the Button : 3
12 12 12 12 9 9 12 9 12 12 12 12 12 12 9 9
Logic Box : 0 1 3 3 1 2 2 5 2 2
0 0 0 0 0 0 0 0 0 0
0 0 0 0 0 0 0 0 0 0
0 1 3 3 1 2 2 5 2 2
0 1 3 3 1 2 2 5 2 2

Swithch the Button : 7
12 12 12 12 12 12 12 12 12 12 12 12 12 12 12 12
9
계속하려면 아무 키나 누르십시오 . . .